p_deco: 0.5
n_qubits: 3
theta: 1.5707963267948966
phi: 1.5707963267948966
shots: 100000
sequences: ['C_12', 'C_13', 'C_23']
n_steps: 1000
