omega_tau,C_12,C_13,C_23,K_3
0.0,0.812,0.818,0.886,0.88
0.006289474781961547,0.814,0.836,0.89,0.868
0.012578949563923095,0.832,0.858,0.886,0.86
0.018868424345884642,0.842,0.838,0.884,0.888
0.02515789912784619,0.862,0.826,0.898,0.934
0.03144737390980774,0.86,0.832,0.856,0.884
0.037736848691769284,0.824,0.858,0.868,0.834
0.04402632347373083,0.85,0.848,0.894,0.896
0.05031579825569238,0.838,0.838,0.896,0.896
0.056605273037653926,0.852,0.832,0.876,0.896
0.06289474781961547,0.864,0.83,0.866,0.9
0.06918422260157703,0.844,0.836,0.85,0.858
0.07547369738353857,0.866,0.81,0.888,0.944
0.08176317216550011,0.854,0.804,0.86,0.9099999999999999
0.08805264694746166,0.854,0.808,0.898,0.944
0.09434212172942322,0.804,0.818,0.832,0.8180000000000002
0.10063159651138476,0.866,0.848,0.89,0.908
0.1069210712933463,0.842,0.844,0.868,0.866
0.11321054607530785,0.828,0.816,0.886,0.898
0.1195000208572694,0.826,0.794,0.87,0.9019999999999999
0.12578949563923095,0.842,0.814,0.87,0.898
0.1320789704211925,0.86,0.81,0.874,0.9239999999999999
0.13836844520315406,0.846,0.802,0.886,0.9299999999999999
0.1446579199851156,0.842,0.808,0.85,0.8839999999999999
0.15094739476707714,0.832,0.816,0.862,0.878
0.15723686954903868,0.8,0.832,0.844,0.8120000000000002
0.16352634433100022,0.836,0.782,0.842,0.8959999999999999
0.16981581911296179,0.782,0.768,0.846,0.8600000000000001
0.17610529389492333,0.828,0.804,0.886,0.9099999999999999
0.18239476867688487,0.826,0.772,0.86,0.9139999999999999
0.18868424345884643,0.822,0.798,0.852,0.8759999999999999
0.19497371824080797,0.84,0.792,0.874,0.9219999999999999
0.20126319302276952,0.818,0.748,0.864,0.9339999999999999
0.20755266780473106,0.808,0.754,0.868,0.9220000000000002
0.2138421425866926,0.808,0.774,0.848,0.8820000000000001
0.22013161736865416,0.808,0.782,0.834,0.8599999999999999
0.2264210921506157,0.816,0.746,0.856,0.9259999999999999
0.23271056693257725,0.78,0.788,0.83,0.8219999999999998
0.2390000417145388,0.8,0.782,0.834,0.8519999999999999
0.24528951649650035,0.802,0.738,0.812,0.8760000000000001
0.2515789912784619,0.81,0.732,0.838,0.9160000000000001
0.25786846606042346,0.858,0.744,0.83,0.944
0.264157940842385,0.814,0.718,0.826,0.9219999999999999
0.27044741562434654,0.79,0.73,0.84,0.8999999999999999
0.2767368904063081,0.81,0.742,0.822,0.8900000000000001
0.2830263651882696,0.81,0.7,0.878,0.9880000000000002
0.2893158399702312,0.83,0.73,0.846,0.946
0.2956053147521927,0.83,0.728,0.832,0.9339999999999999
0.3018947895341543,0.804,0.736,0.824,0.8920000000000001
0.30818426431611584,0.82,0.672,0.82,0.9679999999999999
0.31447373909807735,0.796,0.652,0.834,0.9779999999999999
0.3207632138800389,0.8,0.668,0.826,0.9579999999999999
0.32705268866200043,0.788,0.668,0.83,0.9499999999999998
0.333342163443962,0.748,0.658,0.836,0.926
0.33963163822592357,0.774,0.632,0.856,0.9979999999999999
0.3459211130078851,0.772,0.646,0.838,0.9639999999999999
0.35221058778984665,0.812,0.64,0.842,1.0139999999999998
0.3585000625718082,0.77,0.688,0.798,0.8800000000000001
0.36478953735376973,0.776,0.618,0.826,0.9839999999999999
0.3710790121357313,0.814,0.634,0.822,1.0019999999999998
0.37736848691769287,0.798,0.576,0.812,1.0340000000000003
0.3836579616996544,0.782,0.588,0.828,1.0219999999999998
0.38994743648161595,0.798,0.62,0.822,1.0
0.39623691126357746,0.77,0.594,0.818,0.9940000000000001
0.40252638604553903,0.77,0.53,0.77,1.01
0.4088158608275006,0.768,0.536,0.772,1.004
0.4151053356094621,0.762,0.63,0.844,0.9759999999999999
0.4213948103914237,0.786,0.528,0.796,1.054
0.4276842851733852,0.784,0.556,0.81,1.038
0.43397375995534676,0.73,0.504,0.79,1.016
0.44026323473730833,0.716,0.538,0.794,0.972
0.44655270951926984,0.754,0.552,0.768,0.97
0.4528421843012314,0.746,0.542,0.774,0.978
0.459131659083193,0.76,0.49,0.792,1.062
0.4654211338651545,0.77,0.47,0.788,1.088
0.47171060864711606,0.796,0.534,0.77,1.032
0.4780000834290776,0.758,0.52,0.758,0.996
0.48428955821103914,0.724,0.488,0.746,0.982
0.4905790329930007,0.778,0.408,0.788,1.1580000000000001
0.4968685077749622,0.746,0.45,0.786,1.082
0.5031579825569238,0.696,0.436,0.778,1.038
0.5094474573388853,0.746,0.446,0.786,1.086
0.5157369321208469,0.724,0.476,0.786,1.034
0.5220264069028084,0.736,0.408,0.748,1.076
0.52831588168477,0.73,0.408,0.786,1.108
0.5346053564667316,0.73,0.394,0.724,1.06
0.5408948312486931,0.752,0.428,0.782,1.106
0.5471843060306546,0.718,0.352,0.726,1.092
0.5534737808126162,0.728,0.356,0.768,1.1400000000000001
0.5597632555945777,0.68,0.362,0.726,1.044
0.5660527303765392,0.694,0.362,0.732,1.064
0.5723422051585008,0.72,0.352,0.724,1.092
0.5786316799404624,0.69,0.318,0.736,1.1079999999999999
0.5849211547224239,0.686,0.304,0.762,1.144
0.5912106295043854,0.746,0.322,0.732,1.156
0.597500104286347,0.696,0.306,0.742,1.132
0.6037895790683085,0.702,0.26,0.718,1.16
0.6100790538502701,0.648,0.262,0.69,1.076
0.6163685286322317,0.626,0.348,0.728,1.0060000000000002
0.6226580034141932,0.658,0.282,0.74,1.116
0.6289474781961547,0.704,0.218,0.692,1.178
0.6352369529781163,0.67,0.304,0.734,1.0999999999999999
0.6415264277600778,0.69,0.242,0.724,1.172
0.6478159025420394,0.684,0.184,0.704,1.204
0.6541053773240009,0.652,0.198,0.704,1.158
0.6603948521059625,0.69,0.23,0.704,1.164
0.666684326887924,0.612,0.214,0.63,1.028
0.6729738016698855,0.67,0.2,0.708,1.1780000000000002
0.6792632764518471,0.652,0.19,0.644,1.106
0.6855527512338087,0.628,0.212,0.66,1.076
0.6918422260157702,0.662,0.172,0.702,1.192
0.6981317007977318,0.624,0.128,0.664,1.1600000000000001
0.7044211755796933,0.676,0.104,0.65,1.222
0.7107106503616548,0.654,0.138,0.684,1.2000000000000002
0.7170001251436164,0.664,0.136,0.646,1.174
0.723289599925578,0.642,0.142,0.622,1.122
0.7295790747075395,0.666,0.092,0.672,1.246
0.7358685494895011,0.632,0.044,0.674,1.262
0.7421580242714626,0.61,0.072,0.674,1.212
0.7484474990534241,0.606,0.07,0.662,1.198
0.7547369738353857,0.614,-0.014,0.628,1.256
0.7610264486173473,0.588,0.05,0.632,1.17
0.7673159233993088,0.596,0.022,0.602,1.176
0.7736053981812703,0.6,0.008,0.678,1.27
0.7798948729632319,0.578,0.03,0.6,1.148
0.7861843477451934,0.592,-0.01,0.616,1.218
0.7924738225271549,0.59,0.008,0.624,1.206
0.7987632973091165,0.566,0.006,0.646,1.206
0.8050527720910781,0.556,-0.046,0.608,1.2100000000000002
0.8113422468730396,0.576,0.008,0.574,1.142
0.8176317216550012,0.584,-0.082,0.638,1.304
0.8239211964369627,0.578,-0.08,0.64,1.298
0.8302106712189242,0.592,-0.118,0.592,1.302
0.8365001460008858,0.572,-0.076,0.532,1.1800000000000002
0.8427896207828474,0.598,-0.086,0.564,1.248
0.8490790955648089,0.58,-0.106,0.624,1.31
0.8553685703467704,0.562,-0.072,0.554,1.1880000000000002
0.861658045128732,0.486,-0.116,0.62,1.222
0.8679475199106935,0.516,-0.144,0.594,1.2539999999999998
0.874236994692655,0.496,-0.116,0.538,1.1500000000000001
0.8805264694746167,0.558,-0.156,0.59,1.304
0.8868159442565782,0.54,-0.124,0.498,1.162
0.8931054190385397,0.522,-0.22,0.538,1.28
0.8993948938205013,0.53,-0.238,0.57,1.338
0.9056843686024628,0.5,-0.244,0.56,1.304
0.9119738433844243,0.472,-0.236,0.52,1.228
0.918263318166386,0.544,-0.184,0.486,1.214
0.9245527929483475,0.502,-0.276,0.548,1.326
0.930842267730309,0.484,-0.232,0.502,1.218
0.9371317425122706,0.498,-0.262,0.504,1.264
0.9434212172942321,0.486,-0.234,0.524,1.244
0.9497106920761936,0.514,-0.338,0.522,1.374
0.9560001668581553,0.476,-0.234,0.506,1.216
0.9622896416401168,0.462,-0.31,0.53,1.302
0.9685791164220783,0.526,-0.318,0.454,1.298
0.9748685912040398,0.464,-0.304,0.462,1.23
0.9811580659860014,0.48,-0.298,0.476,1.254
0.9874475407679629,0.49,-0.28,0.518,1.288
0.9937370155499244,0.48,-0.324,0.44,1.244
1.000026490331886,0.442,-0.346,0.496,1.2839999999999998
1.0063159651138476,0.464,-0.336,0.45,1.25
1.012605439895809,0.378,-0.362,0.464,1.2040000000000002
1.0188949146777706,0.452,-0.358,0.502,1.3119999999999998
1.0251843894597321,0.426,-0.414,0.506,1.3459999999999999
1.0314738642416938,0.396,-0.404,0.44,1.2400000000000002
1.0377633390236554,0.424,-0.448,0.422,1.294
1.0440528138056169,0.478,-0.436,0.448,1.3619999999999999
1.0503422885875784,0.45,-0.38,0.484,1.314
1.05663176336954,0.436,-0.446,0.356,1.238
1.0629212381515014,0.396,-0.428,0.444,1.268
1.0692107129334631,0.406,-0.472,0.372,1.25
1.0755001877154247,0.426,-0.438,0.386,1.25
1.0817896624973862,0.408,-0.486,0.398,1.292
1.0880791372793477,0.42,-0.506,0.474,1.4
1.0943686120613092,0.412,-0.474,0.41,1.2959999999999998
1.1006580868432707,0.336,-0.456,0.382,1.174
1.1069475616252324,0.416,-0.492,0.344,1.252
1.113237036407194,0.394,-0.508,0.366,1.268
1.1195265111891555,0.408,-0.522,0.424,1.354
1.125815985971117,0.37,-0.506,0.408,1.284
1.1321054607530785,0.384,-0.54,0.38,1.304
1.13839493553504,0.368,-0.594,0.38,1.342
1.1446844103170015,0.4,-0.542,0.356,1.298
1.1509738850989633,0.348,-0.56,0.386,1.294
1.1572633598809248,0.314,-0.63,0.372,1.3159999999999998
1.1635528346628863,0.316,-0.574,0.358,1.2479999999999998
1.1698423094448478,0.376,-0.554,0.344,1.274
1.1761317842268093,0.354,-0.598,0.348,1.2999999999999998
1.1824212590087708,0.334,-0.616,0.35,1.2999999999999998
1.1887107337907326,0.342,-0.616,0.348,1.306
1.195000208572694,0.34,-0.634,0.29,1.264
1.2012896833546556,0.312,-0.648,0.362,1.322
1.207579158136617,0.342,-0.654,0.312,1.308
1.2138686329185786,0.294,-0.62,0.358,1.2719999999999998
1.2201581077005401,0.262,-0.66,0.28,1.202
1.2264475824825016,0.296,-0.648,0.304,1.248
1.2327370572644634,0.234,-0.63,0.332,1.1960000000000002
1.2390265320464249,0.27,-0.63,0.352,1.252
1.2453160068283864,0.272,-0.712,0.26,1.244
1.251605481610348,0.314,-0.67,0.284,1.268
1.2578949563923094,0.222,-0.644,0.308,1.174
1.264184431174271,0.236,-0.692,0.232,1.16
1.2704739059562327,0.266,-0.7,0.264,1.23
1.2767633807381942,0.198,-0.696,0.272,1.166
1.2830528555201557,0.28,-0.714,0.256,1.25
1.2893423303021172,0.284,-0.702,0.29,1.2759999999999998
1.2956318050840787,0.204,-0.738,0.27,1.212
1.3019212798660402,0.242,-0.72,0.24,1.202
1.3082107546480017,0.226,-0.73,0.204,1.16
1.3145002294299635,0.216,-0.726,0.25,1.192
1.320789704211925,0.196,-0.716,0.198,1.1099999999999999
1.3270791789938865,0.168,-0.732,0.224,1.124
1.333368653775848,0.116,-0.734,0.232,1.082
1.3396581285578095,0.19,-0.742,0.212,1.1440000000000001
1.345947603339771,0.182,-0.718,0.204,1.104
1.3522370781217328,0.188,-0.754,0.2,1.142
1.3585265529036943,0.184,-0.768,0.16,1.112
1.3648160276856558,0.184,-0.784,0.184,1.1520000000000001
1.3711055024676173,0.146,-0.756,0.136,1.038
1.3773949772495788,0.108,-0.766,0.136,1.01
1.3836844520315403,0.154,-0.802,0.132,1.088
1.389973926813502,0.136,-0.796,0.118,1.05
1.3962634015954636,0.144,-0.786,0.172,1.1019999999999999
1.402552876377425,0.144,-0.768,0.156,1.068
1.4088423511593866,0.156,-0.8,0.142,1.098
1.4151318259413481,0.152,-0.804,0.15,1.106
1.4214213007233096,0.18,-0.818,0.062,1.06
1.4277107755052711,0.068,-0.78,0.152,1.0
1.4340002502872329,0.076,-0.798,0.138,1.012
1.4402897250691944,0.056,-0.822,0.102,0.98
1.446579199851156,0.14,-0.83,0.128,1.0979999999999999
1.4528686746331174,0.09,-0.836,0.11,1.036
1.459158149415079,0.094,-0.808,0.086,0.988
1.4654476241970404,0.086,-0.812,0.126,1.024
1.4717370989790022,0.09,-0.828,0.062,0.98
1.4780265737609637,0.068,-0.86,0.082,1.01
1.4843160485429252,0.062,-0.836,0.088,0.986
1.4906055233248867,0.084,-0.848,0.096,1.028
1.4968949981068482,-0.014,-0.842,0.082,0.9099999999999999
1.5031844728888097,0.092,-0.794,0.032,0.918
1.5094739476707715,0.012,-0.838,0.064,0.9139999999999999
1.515763422452733,0.068,-0.82,0.022,0.9099999999999999
1.5220528972346945,0.072,-0.81,0.034,0.916
1.528342372016656,0.032,-0.844,0.058,0.9339999999999999
1.5346318467986175,0.068,-0.868,0.054,0.99
1.540921321580579,0.012,-0.866,0.012,0.89
1.5472107963625406,0.062,-0.842,0.022,0.9259999999999999
1.5535002711445023,0.012,-0.832,-0.024,0.82
1.5597897459264638,0.014,-0.83,0.038,0.882
1.5660792207084253,0.01,-0.84,0.056,0.9059999999999999
1.5723686954903868,0.014,-0.846,-0.026,0.834
1.5786581702723483,-0.06,-0.844,-0.102,0.6819999999999999
1.5849476450543099,-0.01,-0.822,0.0,0.8119999999999999
1.5912371198362716,-0.012,-0.828,0.046,0.862
1.597526594618233,-0.084,-0.834,-0.022,0.728
1.6038160694001946,-0.052,-0.838,-0.066,0.72
1.6101055441821561,-0.064,-0.86,-0.022,0.774
1.6163950189641176,-0.038,-0.848,-0.028,0.782
1.6226844937460791,-0.07,-0.838,-0.018,0.75
1.6289739685280407,-0.022,-0.836,-0.006,0.8079999999999999
1.6352634433100024,-0.038,-0.822,-0.092,0.692
1.641552918091964,-0.068,-0.842,-0.06,0.714
1.6478423928739254,0.034,-0.818,-0.1,0.752
1.654131867655887,-0.086,-0.824,-0.104,0.6339999999999999
1.6604213424378484,-0.05,-0.822,-0.022,0.75
1.66671081721981,-0.062,-0.832,-0.096,0.6739999999999999
1.6730002920017717,-0.094,-0.824,-0.058,0.6719999999999999
1.6792897667837332,-0.104,-0.834,-0.048,0.6819999999999999
1.6855792415656947,-0.11,-0.812,-0.11,0.5920000000000001
1.6918687163476562,-0.094,-0.804,-0.128,0.5820000000000001
1.6981581911296177,-0.084,-0.772,-0.164,0.524
1.7044476659115793,-0.056,-0.818,-0.142,0.62
1.7107371406935408,-0.092,-0.806,-0.152,0.562
1.7170266154755025,-0.202,-0.8,-0.132,0.466
1.723316090257464,-0.148,-0.806,-0.178,0.4800000000000001
1.7296055650394255,-0.138,-0.802,-0.076,0.5880000000000001
1.735895039821387,-0.206,-0.79,-0.144,0.44000000000000006
1.7421845146033486,-0.146,-0.804,-0.186,0.4720000000000001
1.74847398938531,-0.132,-0.774,-0.108,0.534
1.7547634641672718,-0.156,-0.782,-0.11,0.516
1.7610529389492333,-0.154,-0.752,-0.194,0.404
1.7673424137311948,-0.13,-0.778,-0.13,0.518
1.7736318885131563,-0.19,-0.766,-0.17,0.406
1.7799213632951179,-0.138,-0.77,-0.202,0.43
1.7862108380770794,-0.17,-0.8,-0.21,0.42000000000000004
1.792500312859041,-0.246,-0.758,-0.25,0.262
1.7987897876410026,-0.194,-0.76,-0.188,0.378
1.8050792624229641,-0.186,-0.77,-0.178,0.406
1.8113687372049256,-0.28,-0.762,-0.15,0.33199999999999996
1.8176582119868872,-0.236,-0.738,-0.244,0.258
1.8239476867688487,-0.238,-0.772,-0.172,0.36200000000000004
1.8302371615508102,-0.254,-0.704,-0.198,0.25199999999999995
1.836526636332772,-0.276,-0.742,-0.226,0.24
1.8428161111147334,-0.274,-0.754,-0.286,0.19399999999999995
1.849105585896695,-0.198,-0.686,-0.23,0.258
1.8553950606786564,-0.23,-0.698,-0.264,0.20399999999999996
1.861684535460618,-0.21,-0.706,-0.226,0.26999999999999996
1.8679740102425795,-0.226,-0.676,-0.24,0.21000000000000008
1.8742634850245412,-0.272,-0.698,-0.226,0.19999999999999996
1.8805529598065027,-0.224,-0.684,-0.26,0.20000000000000007
1.8868424345884642,-0.258,-0.692,-0.27,0.16399999999999992
1.8931319093704257,-0.292,-0.654,-0.248,0.11399999999999999
1.8994213841523873,-0.288,-0.682,-0.306,0.08800000000000008
1.9057108589343488,-0.318,-0.608,-0.276,0.013999999999999901
1.9120003337163105,-0.244,-0.666,-0.258,0.16400000000000003
1.918289808498272,-0.262,-0.628,-0.312,0.05399999999999994
1.9245792832802335,-0.27,-0.628,-0.272,0.08599999999999997
1.930868758062195,-0.286,-0.662,-0.328,0.04800000000000004
1.9371582328441566,-0.28,-0.6,-0.25,0.06999999999999995
1.943447707626118,-0.324,-0.58,-0.34,-0.08400000000000007
1.9497371824080796,-0.286,-0.638,-0.308,0.04400000000000004
1.9560266571900413,-0.304,-0.616,-0.296,0.016000000000000014
1.9623161319720028,-0.366,-0.588,-0.384,-0.16200000000000003
1.9686056067539643,-0.35,-0.604,-0.374,-0.12
1.9748950815359259,-0.326,-0.572,-0.408,-0.16200000000000003
1.9811845563178874,-0.358,-0.556,-0.352,-0.15399999999999991
1.9874740310998489,-0.334,-0.558,-0.36,-0.1359999999999999
1.9937635058818106,-0.406,-0.526,-0.408,-0.28800000000000003
2.000052980663772,-0.312,-0.584,-0.368,-0.09599999999999997
2.0063424554457336,-0.368,-0.562,-0.336,-0.1419999999999999
2.012631930227695,-0.382,-0.584,-0.332,-0.13
2.0189214050096567,-0.374,-0.536,-0.372,-0.20999999999999996
2.025210879791618,-0.388,-0.496,-0.328,-0.21999999999999997
2.0315003545735797,-0.386,-0.532,-0.41,-0.264
2.037789829355541,-0.344,-0.51,-0.368,-0.20199999999999996
2.0440793041375027,-0.368,-0.49,-0.392,-0.27
2.0503687789194642,-0.408,-0.478,-0.446,-0.376
2.056658253701426,-0.416,-0.482,-0.406,-0.3400000000000001
2.0629477284833877,-0.376,-0.438,-0.41,-0.34800000000000003
2.069237203265349,-0.406,-0.488,-0.402,-0.32000000000000006
2.0755266780473107,-0.378,-0.398,-0.412,-0.392
2.0818161528292722,-0.428,-0.452,-0.392,-0.36800000000000005
2.0881056276112337,-0.44,-0.422,-0.418,-0.436
2.0943951023931953,-0.384,-0.438,-0.464,-0.4100000000000001
2.1006845771751568,-0.48,-0.416,-0.432,-0.49599999999999994
2.1069740519571183,-0.432,-0.406,-0.516,-0.5419999999999999
2.11326352673908,-0.506,-0.406,-0.406,-0.506
2.1195530015210413,-0.408,-0.36,-0.446,-0.494
2.125842476303003,-0.436,-0.342,-0.45,-0.544
2.1321319510849643,-0.45,-0.326,-0.492,-0.6159999999999999
2.1384214258669263,-0.466,-0.356,-0.474,-0.584
2.144710900648888,-0.48,-0.312,-0.496,-0.6639999999999999
2.1510003754308493,-0.42,-0.328,-0.502,-0.5939999999999999
2.157289850212811,-0.458,-0.34,-0.464,-0.5820000000000001
2.1635793249947723,-0.512,-0.298,-0.508,-0.722
2.169868799776734,-0.48,-0.312,-0.528,-0.696
2.1761582745586954,-0.476,-0.28,-0.47,-0.6659999999999999
2.182447749340657,-0.438,-0.336,-0.532,-0.6339999999999999
2.1887372241226184,-0.496,-0.298,-0.448,-0.6459999999999999
2.19502669890458,-0.492,-0.27,-0.548,-0.77
2.2013161736865414,-0.524,-0.25,-0.496,-0.77
2.207605648468503,-0.522,-0.286,-0.516,-0.752
2.213895123250465,-0.5,-0.204,-0.512,-0.808
2.2201845980324264,-0.582,-0.224,-0.512,-0.8699999999999999
2.226474072814388,-0.488,-0.232,-0.56,-0.8160000000000001
2.2327635475963494,-0.52,-0.214,-0.528,-0.8340000000000001
2.239053022378311,-0.524,-0.232,-0.54,-0.8320000000000001
2.2453424971602725,-0.546,-0.182,-0.516,-0.8800000000000001
2.251631971942234,-0.514,-0.196,-0.572,-0.8899999999999999
2.2579214467241955,-0.514,-0.206,-0.574,-0.8820000000000001
2.264210921506157,-0.562,-0.162,-0.566,-0.9660000000000001
2.2705003962881185,-0.536,-0.158,-0.546,-0.924
2.27678987107008,-0.478,-0.112,-0.58,-0.9459999999999998
2.2830793458520415,-0.516,-0.088,-0.55,-0.9780000000000001
2.289368820634003,-0.542,-0.06,-0.586,-1.068
2.295658295415965,-0.546,-0.082,-0.546,-1.01
2.3019477701979265,-0.558,-0.092,-0.598,-1.064
2.308237244979888,-0.546,-0.074,-0.6,-1.0719999999999998
2.3145267197618495,-0.564,-0.096,-0.616,-1.0839999999999999
2.320816194543811,-0.552,-0.006,-0.616,-1.1620000000000001
2.3271056693257726,-0.554,-0.006,-0.592,-1.14
2.333395144107734,-0.56,-0.06,-0.612,-1.112
2.3396846188896956,-0.55,0.02,-0.564,-1.134
2.345974093671657,-0.624,0.004,-0.636,-1.264
2.3522635684536186,-0.564,-0.002,-0.626,-1.188
2.35855304323558,-0.592,0.014,-0.634,-1.24
2.3648425180175416,-0.578,0.012,-0.63,-1.22
2.371131992799503,-0.638,0.02,-0.63,-1.288
2.377421467581465,-0.606,0.004,-0.644,-1.254
2.3837109423634266,-0.584,0.016,-0.646,-1.246
2.390000417145388,-0.598,0.102,-0.65,-1.35
2.3962898919273496,-0.618,0.044,-0.622,-1.284
2.402579366709311,-0.65,0.072,-0.656,-1.3780000000000001
2.4088688414912727,-0.638,0.052,-0.636,-1.326
2.415158316273234,-0.648,0.06,-0.608,-1.316
2.4214477910551957,-0.632,0.114,-0.632,-1.3780000000000001
2.427737265837157,-0.632,0.126,-0.66,-1.4180000000000001
2.4340267406191187,-0.636,0.156,-0.67,-1.462
2.4403162154010802,-0.652,0.186,-0.678,-1.516
2.4466056901830417,-0.596,0.138,-0.682,-1.416
2.4528951649650033,-0.634,0.144,-0.662,-1.44
2.459184639746965,-0.706,0.184,-0.656,-1.546
2.4654741145289267,-0.618,0.164,-0.756,-1.538
2.4717635893108882,-0.646,0.204,-0.65,-1.5
2.4780530640928498,-0.676,0.218,-0.668,-1.562
2.4843425388748113,-0.648,0.188,-0.662,-1.498
2.490632013656773,-0.66,0.19,-0.726,-1.576
2.4969214884387343,-0.704,0.276,-0.73,-1.71
2.503210963220696,-0.68,0.234,-0.746,-1.6600000000000001
2.5095004380026573,-0.712,0.264,-0.702,-1.678
2.515789912784619,-0.714,0.216,-0.708,-1.638
2.5220793875665803,-0.706,0.206,-0.714,-1.626
2.528368862348542,-0.696,0.308,-0.69,-1.694
2.5346583371305034,-0.688,0.29,-0.686,-1.6640000000000001
2.5409478119124653,-0.732,0.348,-0.764,-1.8439999999999999
2.547237286694427,-0.72,0.314,-0.708,-1.742
2.5535267614763884,-0.694,0.386,-0.694,-1.774
2.55981623625835,-0.694,0.334,-0.73,-1.758
2.5661057110403114,-0.716,0.378,-0.696,-1.79
2.572395185822273,-0.676,0.404,-0.768,-1.8479999999999999
2.5786846606042344,-0.668,0.396,-0.764,-1.8279999999999998
2.584974135386196,-0.748,0.362,-0.742,-1.8519999999999999
2.5912636101681574,-0.73,0.362,-0.748,-1.8399999999999999
2.597553084950119,-0.736,0.434,-0.692,-1.8619999999999999
2.6038425597320805,-0.762,0.358,-0.724,-1.8439999999999999
2.610132034514042,-0.766,0.454,-0.746,-1.966
2.6164215092960035,-0.722,0.41,-0.776,-1.908
2.6227109840779654,-0.718,0.438,-0.752,-1.908
2.629000458859927,-0.714,0.458,-0.8,-1.972
2.6352899336418885,-0.746,0.428,-0.752,-1.926
2.64157940842385,-0.722,0.486,-0.722,-1.93
2.6478688832058115,-0.724,0.476,-0.778,-1.978
2.654158357987773,-0.734,0.472,-0.758,-1.964
2.6604478327697345,-0.764,0.482,-0.762,-2.008
2.666737307551696,-0.74,0.492,-0.806,-2.0380000000000003
2.6730267823336575,-0.726,0.466,-0.806,-1.998
2.679316257115619,-0.752,0.522,-0.746,-2.02
2.6856057318975806,-0.732,0.528,-0.802,-2.0620000000000003
2.691895206679542,-0.794,0.496,-0.806,-2.096
2.698184681461504,-0.776,0.528,-0.824,-2.128
2.7044741562434655,-0.756,0.564,-0.8,-2.12
2.710763631025427,-0.774,0.568,-0.8,-2.142
2.7170531058073886,-0.758,0.584,-0.79,-2.132
2.72334258058935,-0.77,0.574,-0.768,-2.112
2.7296320553713116,-0.786,0.604,-0.798,-2.188
2.735921530153273,-0.772,0.598,-0.816,-2.186
2.7422110049352346,-0.766,0.554,-0.812,-2.132
2.748500479717196,-0.828,0.592,-0.79,-2.21
2.7547899544991576,-0.812,0.606,-0.836,-2.254
2.761079429281119,-0.77,0.604,-0.836,-2.21
2.7673689040630807,-0.79,0.628,-0.81,-2.228
2.773658378845042,-0.772,0.63,-0.826,-2.2279999999999998
2.779947853627004,-0.806,0.656,-0.85,-2.3120000000000003
2.7862373284089657,-0.784,0.678,-0.852,-2.314
2.792526803190927,-0.794,0.694,-0.792,-2.2800000000000002
2.7988162779728887,-0.81,0.628,-0.836,-2.274
2.80510575275485,-0.768,0.632,-0.81,-2.21
2.8113952275368117,-0.78,0.684,-0.816,-2.2800000000000002
2.817684702318773,-0.798,0.716,-0.828,-2.3419999999999996
2.8239741771007347,-0.79,0.686,-0.828,-2.304
2.8302636518826962,-0.808,0.692,-0.82,-2.3200000000000003
2.8365531266646578,-0.776,0.676,-0.84,-2.2920000000000003
2.8428426014466193,-0.834,0.678,-0.828,-2.34
2.849132076228581,-0.814,0.72,-0.848,-2.3819999999999997
2.8554215510105423,-0.806,0.676,-0.832,-2.314
2.8617110257925042,-0.792,0.67,-0.826,-2.288
2.8680005005744658,-0.826,0.756,-0.878,-2.46
2.8742899753564273,-0.808,0.722,-0.856,-2.386
2.880579450138389,-0.808,0.692,-0.818,-2.3179999999999996
2.8868689249203503,-0.814,0.766,-0.84,-2.42
2.893158399702312,-0.836,0.764,-0.838,-2.4379999999999997
2.8994478744842733,-0.824,0.722,-0.816,-2.362
2.905737349266235,-0.83,0.774,-0.866,-2.4699999999999998
2.9120268240481963,-0.8,0.786,-0.828,-2.414
2.918316298830158,-0.838,0.76,-0.86,-2.458
2.9246057736121194,-0.798,0.744,-0.848,-2.3899999999999997
2.930895248394081,-0.85,0.786,-0.842,-2.4779999999999998
2.9371847231760424,-0.836,0.76,-0.864,-2.46
2.9434741979580044,-0.818,0.774,-0.85,-2.442
2.949763672739966,-0.828,0.784,-0.862,-2.474
2.9560531475219274,-0.828,0.786,-0.852,-2.466
2.962342622303889,-0.826,0.766,-0.862,-2.4539999999999997
2.9686320970858504,-0.806,0.81,-0.898,-2.5140000000000002
2.974921571867812,-0.814,0.778,-0.864,-2.456
2.9812110466497734,-0.808,0.79,-0.876,-2.474
2.987500521431735,-0.832,0.796,-0.884,-2.512
2.9937899962136965,-0.798,0.762,-0.868,-2.428
3.000079470995658,-0.814,0.804,-0.87,-2.488
3.0063689457776195,-0.792,0.814,-0.84,-2.446
3.012658420559581,-0.83,0.824,-0.868,-2.522
3.018947895341543,-0.864,0.8,-0.892,-2.556
3.0252373701235045,-0.864,0.84,-0.88,-2.584
3.031526844905466,-0.802,0.832,-0.876,-2.51
3.0378163196874275,-0.836,0.848,-0.848,-2.532
3.044105794469389,-0.82,0.818,-0.868,-2.506
3.0503952692513505,-0.84,0.842,-0.884,-2.566
3.056684744033312,-0.83,0.758,-0.828,-2.416
3.0629742188152735,-0.834,0.81,-0.876,-2.52
3.069263693597235,-0.83,0.85,-0.882,-2.562
3.0755531683791966,-0.858,0.838,-0.886,-2.582
3.081842643161158,-0.862,0.838,-0.852,-2.552
3.0881321179431196,-0.826,0.836,-0.892,-2.554
3.094421592725081,-0.854,0.852,-0.874,-2.58
3.100711067507043,-0.87,0.842,-0.852,-2.564
3.1070005422890046,-0.856,0.852,-0.876,-2.584
3.113290017070966,-0.86,0.846,-0.884,-2.59
3.1195794918529276,-0.824,0.856,-0.848,-2.528
3.125868966634889,-0.846,0.848,-0.89,-2.584
3.1321584414168506,-0.824,0.822,-0.868,-2.514
3.138447916198812,-0.85,0.856,-0.906,-2.612
3.1447373909807737,-0.85,0.862,-0.896,-2.608
3.151026865762735,-0.856,0.888,-0.886,-2.63
3.1573163405446967,-0.854,0.808,-0.88,-2.542
3.163605815326658,-0.858,0.848,-0.886,-2.592
3.1698952901086197,-0.88,0.804,-0.868,-2.552
3.176184764890581,-0.858,0.842,-0.858,-2.558
3.182474239672543,-0.82,0.84,-0.87,-2.53
3.1887637144545047,-0.834,0.806,-0.886,-2.526
3.195053189236466,-0.83,0.816,-0.844,-2.4899999999999998
3.2013426640184277,-0.832,0.824,-0.86,-2.516
3.207632138800389,-0.804,0.812,-0.87,-2.4859999999999998
3.2139216135823507,-0.846,0.812,-0.894,-2.552
3.2202110883643122,-0.876,0.83,-0.886,-2.592
3.2265005631462738,-0.86,0.854,-0.896,-2.61
3.2327900379282353,-0.832,0.77,-0.89,-2.492
3.239079512710197,-0.844,0.826,-0.868,-2.538
3.2453689874921583,-0.838,0.826,-0.86,-2.524
3.25165846227412,-0.83,0.766,-0.87,-2.466
3.2579479370560813,-0.87,0.806,-0.894,-2.5700000000000003
3.2642374118380433,-0.844,0.826,-0.874,-2.544
3.270526886620005,-0.844,0.806,-0.872,-2.5220000000000002
3.2768163614019663,-0.858,0.776,-0.886,-2.52
3.283105836183928,-0.846,0.78,-0.892,-2.518
3.2893953109658893,-0.806,0.814,-0.868,-2.488
3.295684785747851,-0.826,0.756,-0.862,-2.444
3.3019742605298124,-0.832,0.792,-0.848,-2.472
3.308263735311774,-0.87,0.824,-0.856,-2.55
3.3145532100937354,-0.836,0.816,-0.86,-2.512
3.320842684875697,-0.828,0.776,-0.868,-2.472
3.3271321596576584,-0.836,0.768,-0.874,-2.4779999999999998
3.33342163443962,-0.85,0.8,-0.852,-2.502
3.3397111092215814,-0.81,0.766,-0.872,-2.448
3.3460005840035434,-0.808,0.8,-0.868,-2.476
3.352290058785505,-0.818,0.774,-0.862,-2.4539999999999997
3.3585795335674664,-0.812,0.77,-0.866,-2.448
3.364869008349428,-0.784,0.788,-0.848,-2.42
3.3711584831313894,-0.834,0.752,-0.856,-2.442
3.377447957913351,-0.804,0.768,-0.86,-2.4320000000000004
3.3837374326953125,-0.788,0.732,-0.858,-2.378
3.390026907477274,-0.796,0.738,-0.864,-2.398
3.3963163822592355,-0.812,0.748,-0.858,-2.418
3.402605857041197,-0.84,0.716,-0.844,-2.4
3.4088953318231585,-0.838,0.732,-0.84,-2.41
3.41518480660512,-0.792,0.732,-0.832,-2.356
3.4214742813870815,-0.818,0.716,-0.84,-2.3739999999999997
3.4277637561690435,-0.782,0.69,-0.834,-2.306
3.434053230951005,-0.8,0.692,-0.86,-2.3520000000000003
3.4403427057329665,-0.814,0.696,-0.836,-2.346
3.446632180514928,-0.796,0.64,-0.84,-2.2760000000000002
3.4529216552968895,-0.808,0.684,-0.842,-2.334
3.459211130078851,-0.79,0.702,-0.86,-2.352
3.4655006048608126,-0.802,0.702,-0.82,-2.324
3.471790079642774,-0.822,0.648,-0.846,-2.316
3.4780795544247356,-0.814,0.65,-0.836,-2.3
3.484369029206697,-0.796,0.652,-0.838,-2.286
3.4906585039886586,-0.806,0.666,-0.816,-2.288
3.49694797877062,-0.806,0.658,-0.826,-2.29
3.503237453552582,-0.75,0.63,-0.804,-2.184
3.5095269283345436,-0.78,0.622,-0.81,-2.212
3.515816403116505,-0.768,0.642,-0.826,-2.2359999999999998
3.5221058778984666,-0.796,0.562,-0.826,-2.184
3.528395352680428,-0.788,0.646,-0.804,-2.238
3.5346848274623897,-0.764,0.576,-0.82,-2.16
3.540974302244351,-0.774,0.554,-0.788,-2.116
3.5472637770263127,-0.796,0.64,-0.82,-2.2560000000000002
3.553553251808274,-0.744,0.564,-0.79,-2.098
3.5598427265902357,-0.78,0.542,-0.786,-2.108
3.566132201372197,-0.732,0.622,-0.774,-2.128
3.5724216761541587,-0.78,0.54,-0.8,-2.12
3.5787111509361202,-0.758,0.532,-0.786,-2.076
3.585000625718082,-0.792,0.534,-0.77,-2.096
3.5912901005000437,-0.778,0.54,-0.754,-2.072
3.5975795752820052,-0.77,0.512,-0.748,-2.0300000000000002
3.6038690500639667,-0.722,0.506,-0.746,-1.974
3.6101585248459283,-0.736,0.512,-0.74,-1.988
3.6164479996278898,-0.772,0.518,-0.77,-2.06
3.6227374744098513,-0.738,0.47,-0.744,-1.952
3.629026949191813,-0.744,0.54,-0.778,-2.0620000000000003
3.6353164239737743,-0.774,0.444,-0.794,-2.012
3.641605898755736,-0.746,0.458,-0.788,-1.992
3.6478953735376973,-0.722,0.418,-0.764,-1.904
3.654184848319659,-0.712,0.442,-0.762,-1.916
3.6604743231016204,-0.738,0.426,-0.728,-1.892
3.6667637978835823,-0.736,0.444,-0.74,-1.92
3.673053272665544,-0.694,0.424,-0.76,-1.878
3.6793427474475053,-0.696,0.426,-0.738,-1.8599999999999999
3.685632222229467,-0.736,0.388,-0.752,-1.876
3.6919216970114284,-0.674,0.376,-0.728,-1.778
3.69821117179339,-0.7,0.344,-0.734,-1.778
3.7045006465753514,-0.678,0.368,-0.734,-1.7799999999999998
3.710790121357313,-0.698,0.35,-0.736,-1.7839999999999998
3.7170795961392744,-0.736,0.298,-0.712,-1.746
3.723369070921236,-0.686,0.332,-0.708,-1.7260000000000002
3.7296585457031974,-0.724,0.35,-0.718,-1.7919999999999998
3.735948020485159,-0.688,0.318,-0.696,-1.702
3.7422374952671205,-0.692,0.352,-0.768,-1.8119999999999998
3.7485269700490824,-0.67,0.276,-0.694,-1.64
3.754816444831044,-0.68,0.256,-0.736,-1.672
3.7611059196130054,-0.68,0.318,-0.692,-1.69
3.767395394394967,-0.646,0.288,-0.714,-1.648
3.7736848691769285,-0.662,0.202,-0.744,-1.608
3.77997434395889,-0.668,0.254,-0.752,-1.674
3.7862638187408515,-0.68,0.282,-0.692,-1.654
3.792553293522813,-0.664,0.242,-0.68,-1.586
3.7988427683047745,-0.666,0.17,-0.692,-1.528
3.805132243086736,-0.662,0.196,-0.704,-1.562
3.8114217178686975,-0.636,0.184,-0.682,-1.502
3.817711192650659,-0.678,0.172,-0.684,-1.534
3.824000667432621,-0.664,0.202,-0.734,-1.6
3.8302901422145825,-0.658,0.166,-0.652,-1.476
3.836579616996544,-0.614,0.178,-0.664,-1.456
3.8428690917785056,-0.668,0.154,-0.622,-1.444
3.849158566560467,-0.634,0.126,-0.684,-1.444
3.8554480413424286,-0.65,0.126,-0.642,-1.4180000000000001
3.86173751612439,-0.628,0.094,-0.628,-1.35
3.8680269909063516,-0.66,0.07,-0.666,-1.3960000000000001
3.874316465688313,-0.606,0.094,-0.634,-1.334
3.8806059404702746,-0.63,0.09,-0.662,-1.3820000000000001
3.886895415252236,-0.616,0.018,-0.656,-1.29
3.8931848900341977,-0.654,0.092,-0.588,-1.334
3.899474364816159,-0.616,0.092,-0.626,-1.334
3.905763839598121,-0.63,0.05,-0.604,-1.284
3.9120533143800826,-0.628,0.006,-0.576,-1.21
3.918342789162044,-0.61,0.004,-0.63,-1.244
3.9246322639440057,-0.608,-0.002,-0.626,-1.232
3.930921738725967,-0.622,0.014,-0.6,-1.236
3.9372112135079287,-0.568,0.028,-0.624,-1.22
3.94350068828989,-0.588,-0.088,-0.608,-1.1079999999999999
3.9497901630718517,-0.562,-0.062,-0.588,-1.0879999999999999
3.9560796378538132,-0.558,-0.134,-0.602,-1.0260000000000002
3.9623691126357747,-0.59,-0.042,-0.544,-1.0919999999999999
3.9686585874177362,-0.53,-0.078,-0.588,-1.0399999999999998
3.9749480621996978,-0.574,-0.038,-0.604,-1.14
3.9812375369816593,-0.568,-0.138,-0.58,-1.0099999999999998
3.9875270117636212,-0.554,-0.07,-0.634,-1.118
3.9938164865455827,-0.59,-0.106,-0.564,-1.0479999999999998
4.000105961327544,-0.59,-0.082,-0.56,-1.0679999999999998
4.006395436109505,-0.55,-0.078,-0.584,-1.0559999999999998
4.012684910891467,-0.518,-0.15,-0.53,-0.898
4.018974385673428,-0.54,-0.188,-0.566,-0.9179999999999999
4.02526386045539,-0.49,-0.16,-0.552,-0.882
4.031553335237352,-0.554,-0.198,-0.576,-0.9319999999999999
4.037842810019313,-0.528,-0.206,-0.554,-0.8760000000000001
4.044132284801275,-0.53,-0.206,-0.496,-0.8200000000000001
4.050421759583236,-0.544,-0.236,-0.57,-0.8779999999999999
4.056711234365198,-0.518,-0.234,-0.56,-0.8440000000000001
4.063000709147159,-0.558,-0.206,-0.514,-0.8660000000000001
4.069290183929121,-0.53,-0.274,-0.524,-0.78
4.075579658711082,-0.526,-0.274,-0.548,-0.8
4.081869133493044,-0.51,-0.284,-0.536,-0.762
4.088158608275005,-0.504,-0.226,-0.496,-0.774
4.094448083056967,-0.472,-0.216,-0.542,-0.798
4.1007375578389285,-0.416,-0.288,-0.528,-0.6559999999999999
4.10702703262089,-0.506,-0.28,-0.5,-0.726
4.113316507402852,-0.492,-0.294,-0.526,-0.724
4.119605982184813,-0.44,-0.304,-0.47,-0.6059999999999999
4.125895456966775,-0.512,-0.33,-0.448,-0.6299999999999999
4.1321849317487365,-0.504,-0.354,-0.47,-0.62
4.138474406530698,-0.422,-0.352,-0.452,-0.522
4.1447638813126595,-0.452,-0.364,-0.448,-0.536
4.1510533560946214,-0.4,-0.416,-0.438,-0.4220000000000001
4.1573428308765825,-0.418,-0.346,-0.47,-0.5419999999999999
4.1636323056585445,-0.458,-0.412,-0.484,-0.53
4.1699217804405055,-0.434,-0.382,-0.492,-0.5439999999999999
4.1762112552224675,-0.46,-0.436,-0.46,-0.48400000000000004
4.182500730004429,-0.436,-0.41,-0.474,-0.49999999999999994
4.1887902047863905,-0.45,-0.396,-0.47,-0.5239999999999999
4.1950796795683525,-0.416,-0.44,-0.408,-0.38399999999999995
4.2013691543503136,-0.448,-0.398,-0.438,-0.488
4.2076586291322755,-0.428,-0.42,-0.426,-0.434
4.213948103914237,-0.442,-0.462,-0.446,-0.426
4.2202375786961985,-0.346,-0.48,-0.412,-0.278
4.22652705347816,-0.464,-0.414,-0.402,-0.4520000000000001
4.232816528260122,-0.382,-0.462,-0.396,-0.316
4.239106003042083,-0.362,-0.438,-0.418,-0.342
4.245395477824045,-0.374,-0.462,-0.384,-0.296
4.251684952606006,-0.32,-0.5,-0.33,-0.15000000000000002
4.257974427387968,-0.368,-0.568,-0.384,-0.18400000000000005
4.264263902169929,-0.368,-0.546,-0.438,-0.26
4.270553376951891,-0.36,-0.54,-0.414,-0.23399999999999999
4.276842851733853,-0.338,-0.568,-0.342,-0.1120000000000001
4.283132326515814,-0.344,-0.576,-0.352,-0.12
4.289421801297776,-0.36,-0.55,-0.33,-0.1399999999999999
4.295711276079737,-0.316,-0.594,-0.368,-0.08999999999999997
4.302000750861699,-0.404,-0.582,-0.328,-0.15000000000000002
4.30829022564366,-0.38,-0.614,-0.326,-0.09199999999999997
4.314579700425622,-0.248,-0.614,-0.358,0.008000000000000007
4.320869175207583,-0.278,-0.626,-0.356,-0.008000000000000007
4.327158649989545,-0.326,-0.616,-0.32,-0.030000000000000027
4.333448124771506,-0.322,-0.61,-0.364,-0.07599999999999996
4.339737599553468,-0.332,-0.572,-0.316,-0.07600000000000007
4.346027074335429,-0.298,-0.646,-0.32,0.028000000000000025
4.352316549117391,-0.318,-0.666,-0.27,0.07799999999999996
4.358606023899353,-0.276,-0.628,-0.226,0.126
4.364895498681314,-0.274,-0.646,-0.286,0.08599999999999997
4.371184973463276,-0.286,-0.626,-0.29,0.050000000000000044
4.377474448245237,-0.264,-0.684,-0.33,0.08999999999999997
4.383763923027199,-0.258,-0.65,-0.332,0.05999999999999994
4.39005339780916,-0.304,-0.662,-0.24,0.118
4.396342872591122,-0.262,-0.688,-0.302,0.12399999999999989
4.402632347373083,-0.284,-0.694,-0.252,0.15799999999999992
4.408921822155045,-0.252,-0.66,-0.248,0.16000000000000003
4.415211296937006,-0.25,-0.68,-0.204,0.2260000000000001
4.421500771718968,-0.248,-0.718,-0.256,0.21399999999999997
4.42779024650093,-0.196,-0.722,-0.238,0.288
4.434079721282891,-0.228,-0.696,-0.212,0.25599999999999995
4.440369196064853,-0.212,-0.704,-0.26,0.23199999999999998
4.446658670846814,-0.29,-0.718,-0.178,0.25
4.452948145628776,-0.166,-0.736,-0.206,0.364
4.459237620410737,-0.194,-0.744,-0.194,0.356
4.465527095192699,-0.17,-0.72,-0.212,0.33799999999999997
4.47181656997466,-0.192,-0.75,-0.17,0.388
4.478106044756622,-0.214,-0.704,-0.196,0.29399999999999993
4.484395519538583,-0.18,-0.768,-0.15,0.43800000000000006
4.490684994320545,-0.162,-0.766,-0.216,0.388
4.496974469102506,-0.198,-0.732,-0.152,0.382
4.503263943884468,-0.184,-0.772,-0.242,0.34600000000000003
4.50955341866643,-0.184,-0.722,-0.136,0.40199999999999997
4.515842893448391,-0.084,-0.77,-0.182,0.504
4.522132368230353,-0.162,-0.802,-0.146,0.49400000000000005
4.528421843012314,-0.164,-0.816,-0.158,0.49399999999999994
4.534711317794276,-0.126,-0.758,-0.154,0.478
4.541000792576237,-0.114,-0.802,-0.086,0.6020000000000001
4.547290267358199,-0.14,-0.822,-0.18,0.502
4.55357974214016,-0.136,-0.8,-0.128,0.536
4.559869216922122,-0.088,-0.798,-0.128,0.5820000000000001
4.566158691704083,-0.106,-0.824,-0.154,0.564
4.572448166486045,-0.1,-0.778,-0.106,0.5720000000000001
4.578737641268006,-0.124,-0.822,-0.158,0.5399999999999999
4.585027116049968,-0.088,-0.816,-0.146,0.582
4.59131659083193,-0.104,-0.772,-0.124,0.544
4.597606065613891,-0.096,-0.84,-0.122,0.622
4.603895540395853,-0.072,-0.806,-0.068,0.666
4.610185015177814,-0.09,-0.826,-0.1,0.6359999999999999
4.616474489959776,-0.09,-0.874,-0.11,0.6739999999999999
4.622763964741737,-0.072,-0.832,-0.096,0.6639999999999999
4.629053439523699,-0.062,-0.82,-0.066,0.692
4.63534291430566,-0.072,-0.85,-0.082,0.696
4.641632389087622,-0.086,-0.838,-0.068,0.6839999999999999
4.647921863869583,-0.04,-0.822,-0.038,0.744
4.654211338651545,-0.09,-0.848,-0.058,0.7
4.660500813433506,0.0,-0.814,0.038,0.852
4.666790288215468,-0.032,-0.82,-0.036,0.752
4.67307976299743,0.038,-0.824,-0.032,0.83
4.679369237779391,-0.05,-0.838,-0.016,0.772
4.685658712561353,-0.002,-0.836,-0.038,0.7959999999999999
4.691948187343314,-0.022,-0.83,-0.024,0.7839999999999999
4.698237662125276,0.044,-0.816,0.038,0.8979999999999999
4.704527136907237,-0.006,-0.846,0.022,0.862
4.710816611689199,-0.01,-0.792,-0.014,0.768
4.71710608647116,0.026,-0.838,0.018,0.882
4.723395561253122,-0.02,-0.83,0.04,0.85
4.729685036035083,0.008,-0.84,0.004,0.852
4.735974510817045,-0.012,-0.844,-0.008,0.824
4.742263985599006,-0.01,-0.852,0.102,0.944
4.748553460380968,0.02,-0.83,0.058,0.9079999999999999
4.75484293516293,0.058,-0.842,0.07,0.97
4.761132409944891,0.048,-0.84,0.068,0.956
4.767421884726853,0.08,-0.848,0.08,1.008
4.773711359508814,0.014,-0.826,0.026,0.866
4.780000834290776,0.064,-0.822,0.042,0.9279999999999999
4.786290309072737,0.044,-0.852,0.052,0.948
4.792579783854699,0.116,-0.84,0.062,1.018
4.79886925863666,0.058,-0.836,0.104,0.998
4.805158733418622,0.074,-0.808,0.124,1.006
4.811448208200583,0.116,-0.82,0.06,0.996
4.817737682982545,0.112,-0.778,0.082,0.972
4.824027157764506,0.076,-0.836,0.088,1.0
4.830316632546468,0.118,-0.804,0.094,1.016
4.83660610732843,0.108,-0.824,0.154,1.0859999999999999
4.842895582110391,0.132,-0.842,0.11,1.084
4.849185056892353,0.104,-0.826,0.116,1.046
4.855474531674314,0.108,-0.834,0.142,1.084
4.861764006456276,0.116,-0.796,0.154,1.066
4.8680534812382374,0.124,-0.824,0.146,1.0939999999999999
4.874342956020199,0.158,-0.76,0.16,1.078
4.8806324308021605,0.176,-0.79,0.19,1.1560000000000001
4.886921905584122,0.16,-0.768,0.17,1.098
4.8932113803660835,0.14,-0.742,0.168,1.05
4.8995008551480455,0.19,-0.78,0.172,1.142
4.9057903299300065,0.156,-0.774,0.154,1.084
4.9120798047119685,0.174,-0.774,0.16,1.108
4.91836927949393,0.152,-0.756,0.18,1.088
4.9246587542758915,0.146,-0.764,0.2,1.1099999999999999
4.9309482290578535,0.16,-0.778,0.23,1.1680000000000001
4.9372377038398145,0.17,-0.728,0.148,1.046
4.9435271786217765,0.196,-0.784,0.208,1.1880000000000002
4.9498166534037376,0.234,-0.772,0.218,1.224
4.9561061281856995,0.24,-0.698,0.238,1.176
4.962395602967661,0.164,-0.702,0.228,1.0939999999999999
4.9686850777496225,0.184,-0.758,0.256,1.198
4.974974552531584,0.242,-0.746,0.212,1.2
4.981264027313546,0.216,-0.69,0.258,1.164
4.987553502095507,0.248,-0.714,0.25,1.212
4.993842976877469,0.284,-0.706,0.224,1.214
5.0001324516594305,0.236,-0.72,0.146,1.1019999999999999
5.006421926441392,0.276,-0.706,0.28,1.262
5.012711401223354,0.23,-0.72,0.296,1.246
5.019000876005315,0.214,-0.724,0.254,1.192
5.025290350787277,0.276,-0.666,0.214,1.1560000000000001
5.031579825569238,0.284,-0.64,0.302,1.226
5.0378693003512,0.258,-0.688,0.298,1.244
5.044158775133161,0.3,-0.698,0.246,1.244
5.050448249915123,0.278,-0.638,0.332,1.2480000000000002
5.056737724697084,0.242,-0.608,0.292,1.142
5.063027199479046,0.326,-0.684,0.262,1.2720000000000002
5.069316674261007,0.34,-0.64,0.264,1.2440000000000002
5.075606149042969,0.302,-0.65,0.248,1.2000000000000002
5.081895623824931,0.342,-0.666,0.288,1.296
5.088185098606892,0.344,-0.608,0.294,1.246
5.094474573388854,0.272,-0.608,0.308,1.1880000000000002
5.100764048170815,0.326,-0.618,0.366,1.31
5.107053522952777,0.296,-0.582,0.308,1.186
5.113342997734738,0.332,-0.59,0.344,1.266
5.1196324725167,0.362,-0.576,0.406,1.3439999999999999
5.125921947298661,0.336,-0.598,0.402,1.3359999999999999
5.132211422080623,0.366,-0.602,0.39,1.358
5.138500896862584,0.358,-0.566,0.412,1.3359999999999999
5.144790371644546,0.344,-0.548,0.338,1.23
5.151079846426507,0.352,-0.56,0.378,1.29
5.157369321208469,0.322,-0.526,0.388,1.236
5.163658795990431,0.368,-0.522,0.356,1.246
5.169948270772392,0.39,-0.484,0.372,1.246
5.176237745554354,0.358,-0.49,0.402,1.25
5.182527220336315,0.376,-0.49,0.376,1.242
5.188816695118277,0.388,-0.442,0.412,1.242
5.195106169900238,0.41,-0.488,0.436,1.334
5.2013956446822,0.384,-0.504,0.462,1.35
5.207685119464161,0.402,-0.456,0.442,1.3
5.213974594246123,0.384,-0.438,0.382,1.204
5.220264069028084,0.388,-0.426,0.442,1.256
5.226553543810046,0.408,-0.426,0.42,1.254
5.232843018592007,0.474,-0.41,0.416,1.2999999999999998
5.239132493373969,0.434,-0.434,0.456,1.324
5.245421968155931,0.46,-0.416,0.526,1.402
5.251711442937892,0.454,-0.376,0.442,1.272
5.258000917719854,0.416,-0.406,0.43,1.252
5.264290392501815,0.444,-0.348,0.426,1.218
5.270579867283777,0.464,-0.378,0.478,1.3199999999999998
5.276869342065738,0.424,-0.384,0.492,1.2999999999999998
5.2831588168477,0.474,-0.374,0.416,1.2639999999999998
5.289448291629661,0.454,-0.286,0.498,1.238
5.295737766411623,0.476,-0.298,0.538,1.312
5.302027241193584,0.448,-0.326,0.494,1.268
5.308316715975546,0.442,-0.276,0.478,1.196
5.314606190757508,0.472,-0.33,0.528,1.33
5.320895665539469,0.484,-0.284,0.536,1.304
5.327185140321431,0.542,-0.266,0.486,1.294
5.333474615103392,0.506,-0.274,0.526,1.306
5.339764089885354,0.5,-0.282,0.506,1.288
5.346053564667315,0.496,-0.262,0.52,1.278
5.352343039449277,0.498,-0.23,0.524,1.252
5.358632514231238,0.52,-0.228,0.538,1.286
5.3649219890132,0.496,-0.276,0.536,1.308
5.371211463795161,0.506,-0.234,0.568,1.3079999999999998
5.377500938577123,0.52,-0.204,0.54,1.264
5.383790413359084,0.556,-0.206,0.576,1.338
5.390079888141046,0.516,-0.2,0.556,1.272
5.396369362923008,0.5,-0.168,0.524,1.192
5.402658837704969,0.56,-0.114,0.528,1.2020000000000002
5.408948312486931,0.564,-0.14,0.562,1.266
5.415237787268892,0.528,-0.158,0.632,1.318
5.421527262050854,0.566,-0.15,0.614,1.3299999999999998
5.427816736832815,0.542,-0.142,0.616,1.2999999999999998
5.434106211614777,0.548,-0.07,0.556,1.1740000000000002
5.440395686396738,0.56,-0.068,0.566,1.194
5.4466851611787,0.588,-0.09,0.596,1.274
5.452974635960661,0.588,-0.106,0.63,1.324
5.459264110742623,0.548,-0.066,0.622,1.236
5.465553585524584,0.6,-0.068,0.586,1.254
5.471843060306546,0.622,0.004,0.582,1.2
5.478132535088508,0.518,-0.038,0.604,1.16
5.484422009870469,0.642,0.002,0.618,1.258
5.490711484652431,0.598,-0.032,0.65,1.28
5.497000959434392,0.586,-0.034,0.63,1.25
5.503290434216354,0.572,0.014,0.62,1.178
5.509579908998315,0.604,-0.01,0.598,1.212
5.515869383780277,0.578,-0.042,0.618,1.238
5.522158858562238,0.648,0.016,0.636,1.268
5.5284483333442,0.61,-0.018,0.632,1.26
5.534737808126161,0.644,0.034,0.672,1.282
5.541027282908123,0.596,0.08,0.626,1.142
5.547316757690084,0.636,0.068,0.596,1.164
5.553606232472046,0.628,0.114,0.652,1.166
5.559895707254008,0.658,0.096,0.654,1.216
5.566185182035969,0.638,0.116,0.632,1.154
5.572474656817931,0.64,0.098,0.628,1.17
5.578764131599892,0.62,0.182,0.672,1.11
5.585053606381854,0.598,0.144,0.686,1.1400000000000001
5.591343081163815,0.646,0.132,0.726,1.2399999999999998
5.597632555945777,0.67,0.188,0.67,1.1520000000000001
5.603922030727738,0.64,0.178,0.648,1.11
5.6102115055097,0.65,0.19,0.652,1.112
5.6165009802916614,0.644,0.222,0.668,1.09
5.622790455073623,0.64,0.222,0.68,1.098
5.6290799298555845,0.658,0.222,0.674,1.11
5.635369404637546,0.692,0.256,0.692,1.128
5.641658879419508,0.67,0.232,0.684,1.122
5.6479483542014695,0.65,0.234,0.684,1.1
5.654237828983431,0.672,0.316,0.674,1.03
5.6605273037653925,0.678,0.24,0.746,1.184
5.666816778547354,0.676,0.314,0.706,1.068
5.6731062533293155,0.682,0.3,0.77,1.152
5.6793957281112775,0.706,0.314,0.722,1.1139999999999999
5.6856852028932385,0.736,0.368,0.738,1.1059999999999999
5.6919746776752005,0.682,0.302,0.694,1.0739999999999998
5.698264152457162,0.674,0.332,0.744,1.086
5.7045536272391235,0.698,0.308,0.74,1.13
5.710843102021085,0.726,0.384,0.746,1.088
5.7171325768030465,0.728,0.362,0.722,1.088
5.7234220515850085,0.732,0.362,0.716,1.0859999999999999
5.72971152636697,0.704,0.42,0.766,1.05
5.7360010011489315,0.76,0.398,0.746,1.108
5.742290475930893,0.724,0.378,0.714,1.06
5.7485799507128545,0.704,0.392,0.754,1.0659999999999998
5.754869425494816,0.748,0.414,0.732,1.066
5.761158900276778,0.742,0.45,0.762,1.054
5.767448375058739,0.72,0.442,0.776,1.054
5.773737849840701,0.706,0.458,0.768,1.016
5.780027324622662,0.702,0.466,0.766,1.002
5.786316799404624,0.75,0.466,0.752,1.036
5.792606274186585,0.75,0.52,0.774,1.004
5.798895748968547,0.75,0.536,0.78,0.994
5.805185223750509,0.708,0.472,0.794,1.03
5.81147469853247,0.734,0.49,0.814,1.058
5.817764173314432,0.756,0.454,0.788,1.09
5.824053648096393,0.776,0.52,0.814,1.0699999999999998
5.830343122878355,0.742,0.528,0.814,1.028
5.836632597660316,0.756,0.522,0.784,1.018
5.842922072442278,0.776,0.518,0.788,1.046
5.849211547224239,0.758,0.524,0.826,1.06
5.855501022006201,0.746,0.566,0.782,0.9620000000000001
5.861790496788162,0.758,0.604,0.766,0.92
5.868079971570124,0.754,0.56,0.81,1.004
5.874369446352085,0.772,0.554,0.832,1.05
5.880658921134047,0.78,0.608,0.784,0.9560000000000001
5.886948395916009,0.74,0.562,0.81,0.988
5.89323787069797,0.796,0.55,0.784,1.03
5.899527345479932,0.806,0.554,0.82,1.0719999999999998
5.905816820261893,0.75,0.622,0.794,0.922
5.912106295043855,0.802,0.64,0.802,0.9640000000000001
5.918395769825816,0.778,0.592,0.83,1.016
5.924685244607778,0.778,0.61,0.826,0.9940000000000001
5.930974719389739,0.82,0.652,0.828,0.9959999999999999
5.937264194171701,0.816,0.666,0.828,0.9779999999999999
5.943553668953662,0.79,0.654,0.834,0.9700000000000001
5.949843143735624,0.76,0.68,0.81,0.89
5.956132618517585,0.772,0.65,0.82,0.9420000000000001
5.962422093299547,0.814,0.666,0.84,0.9879999999999999
5.968711568081509,0.798,0.664,0.832,0.9659999999999999
5.97500104286347,0.852,0.69,0.844,1.006
5.981290517645432,0.804,0.714,0.872,0.9620000000000002
5.987579992427393,0.768,0.68,0.832,0.92
5.993869467209355,0.818,0.674,0.81,0.9540000000000001
6.000158941991316,0.808,0.73,0.83,0.9079999999999999
6.006448416773278,0.82,0.73,0.834,0.9239999999999999
6.012737891555239,0.772,0.758,0.846,0.8599999999999999
6.019027366337201,0.79,0.752,0.862,0.9000000000000001
6.025316841119162,0.828,0.714,0.822,0.9359999999999999
6.031606315901124,0.842,0.764,0.842,0.9199999999999999
6.037895790683086,0.802,0.764,0.826,0.8640000000000001
6.044185265465047,0.804,0.734,0.832,0.9020000000000001
6.050474740247009,0.81,0.734,0.854,0.9300000000000002
6.05676421502897,0.788,0.738,0.858,0.9079999999999999
6.063053689810932,0.792,0.786,0.874,0.8799999999999999
6.069343164592893,0.83,0.772,0.846,0.9039999999999999
6.075632639374855,0.824,0.814,0.86,0.87
6.081922114156816,0.83,0.746,0.818,0.9019999999999999
6.088211588938778,0.846,0.75,0.846,0.942
6.094501063720739,0.812,0.758,0.842,0.8959999999999999
6.100790538502701,0.8,0.758,0.876,0.9180000000000001
6.107080013284662,0.808,0.788,0.87,0.8899999999999999
6.113369488066624,0.824,0.77,0.874,0.9279999999999999
6.119658962848586,0.85,0.828,0.868,0.89
6.125948437630547,0.846,0.806,0.88,0.9199999999999999
6.132237912412509,0.85,0.802,0.86,0.9079999999999999
6.13852738719447,0.818,0.814,0.87,0.874
6.144816861976432,0.852,0.822,0.868,0.898
6.151106336758393,0.83,0.812,0.836,0.8539999999999999
6.157395811540355,0.854,0.822,0.852,0.884
6.163685286322316,0.814,0.808,0.874,0.8799999999999999
6.169974761104278,0.84,0.812,0.836,0.8639999999999999
6.176264235886239,0.836,0.84,0.874,0.87
6.182553710668201,0.818,0.848,0.92,0.89
6.188843185450162,0.84,0.824,0.864,0.88
6.195132660232124,0.878,0.844,0.858,0.892
6.201422135014086,0.844,0.858,0.872,0.858
6.207711609796047,0.884,0.83,0.844,0.898
6.214001084578009,0.836,0.83,0.89,0.896
6.22029055935997,0.85,0.83,0.86,0.88
6.226580034141932,0.838,0.826,0.868,0.88
6.232869508923893,0.842,0.852,0.894,0.884
6.239158983705855,0.82,0.83,0.87,0.86
6.245448458487816,0.852,0.822,0.88,0.91
6.251737933269778,0.816,0.81,0.896,0.9019999999999999
6.258027408051739,0.836,0.862,0.872,0.846
6.264316882833701,0.838,0.858,0.856,0.836
6.270606357615662,0.848,0.852,0.876,0.872
6.276895832397624,0.862,0.832,0.852,0.882
6.283185307179586,0.84,0.856,0.892,0.876
